19403 0 0 0 0 9194817 9194817 0 0
19403 5 0 0 0 9194817 9194829 12 .4166
19403 11 0 0 0 9194817 9194840 23 .4782
19403 16 1 0 0 9194817 9194852 35 .4857
19403 22 1 0 0 9194817 9194864 47 .4893
19403 28 1 0 0 9194817 9194876 59 .4915
19403 34 1 0 0 9194817 9194888 71 .4929
19403 39 1 0 0 9194817 9194899 82 .4878
19403 45 1 0 0 9194817 9194911 94 .4893
19403 51 2 0 0 9194817 9194923 106 .5000
19403 57 2 0 0 9194817 9194935 118 .5000
19403 62 2 0 0 9194817 9194947 130 .4923
19403 68 2 0 0 9194817 9194958 141 .4964
19403 74 2 0 0 9194817 9194970 153 .4967
19403 79 3 0 0 9194817 9194982 165 .4969
19403 85 3 0 0 9194817 9194994 177 .4971
19403 91 3 0 0 9194817 9195005 188 .5000
19403 97 3 0 0 9194817 9195017 200 .5000
19403 103 3 0 0 9194817 9195029 212 .5000
19403 108 3 0 0 9194817 9195041 224 .4955
19403 114 3 0 0 9194817 9195053 236 .4957
19403 120 3 0 0 9194817 9195064 247 .4979
19403 126 3 0 0 9194817 9195076 259 .4980
19403 131 3 0 0 9194817 9195088 271 .4944
19403 137 3 0 0 9194817 9195100 283 .4946
19403 143 4 0 0 9194817 9195112 295 .4983
19403 148 4 0 0 9194817 9195124 307 .4951
19403 154 4 0 0 9194817 9195135 318 .4968
19403 160 4 0 0 9194817 9195147 330 .4969
19403 166 4 0 0 9194817 9195159 342 .4970
19403 172 4 0 0 9194817 9195171 354 .4971
19403 178 4 0 0 9194817 9195183 366 .4972
19403 184 4 0 0 9194817 9195194 377 .4986
19403 190 4 0 0 9194817 9195206 389 .4987
19403 196 4 0 0 9194817 9195218 401 .4987
19403 201 4 0 0 9194817 9195230 413 .4963
19403 207 4 0 0 9194817 9195242 425 .4964
19403 213 4 0 0 9194817 9195253 436 .4977
19403 219 4 0 0 9194817 9195265 448 .4977
19403 224 5 0 0 9194817 9195277 460 .4978
19403 230 5 0 0 9194817 9195289 472 .4978
19403 236 5 0 0 9194817 9195301 484 .4979
19403 242 5 0 0 9194817 9195312 495 .4989
19403 247 5 0 0 9194817 9195324 507 .4970
19403 254 5 0 0 9194817 9195337 520 .4980
19403 260 5 0 0 9194817 9195349 532 .4981
19403 265 5 0 0 9194817 9195360 543 .4972
19403 271 5 0 0 9194817 9195372 555 .4972
19403 276 5 0 0 9194817 9195384 567 .4955
19403 282 5 0 0 9194817 9195396 579 .4956
19403 288 5 0 0 9194817 9195408 591 .4957
19403 294 5 0 0 9194817 9195420 603 .4958
19403 300 5 0 0 9194817 9195432 615 .4959
19403 305 5 0 0 9194817 9195443 626 .4952
19403 311 6 0 0 9194817 9195455 638 .4968
19403 317 6 0 0 9194817 9195467 650 .4969
19403 323 6 0 0 9194817 9195479 662 .4969
19403 328 6 0 0 9194817 9195491 674 .4955
19403 333 7 0 0 9194817 9195503 686 .4956
19403 339 7 0 0 9194817 9195514 697 .4964
19403 345 7 0 0 9194817 9195526 709 .4964
19403 350 7 0 0 9194817 9195538 721 .4951
19403 356 8 0 0 9194817 9195550 733 .4965
19403 362 8 0 0 9194817 9195562 745 .4966
19403 367 8 0 0 9194817 9195573 756 .4960
19403 373 8 0 0 9194817 9195585 768 .4960
19403 379 8 0 0 9194817 9195597 780 .4961
19403 385 8 0 0 9194817 9195609 792 .4962
19403 391 8 0 0 9194817 9195621 804 .4962
19403 397 8 0 0 9194817 9195632 815 .4969
19403 402 8 0 0 9194817 9195644 827 .4957
19403 408 8 0 0 9194817 9195656 839 .4958
19403 414 8 0 0 9194817 9195668 851 .4958
19403 420 8 0 0 9194817 9195680 863 .4959
19403 426 8 0 0 9194817 9195692 875 .4960
19403 432 8 0 0 9194817 9195703 886 .4966
19403 438 8 0 0 9194817 9195715 898 .4966
19403 444 8 0 0 9194817 9195727 910 .4967
19403 449 8 0 0 9194817 9195739 922 .4956
19403 455 8 0 0 9194817 9195751 934 .4957
19403 461 8 0 0 9194817 9195762 945 .4962
19403 467 8 0 0 9194817 9195774 957 .4963
19403 473 8 0 0 9194817 9195786 969 .4963
19403 478 8 0 0 9194817 9195798 981 .4954
19403 484 8 0 0 9194817 9195810 993 .4954
19403 490 9 0 0 9194817 9195821 1004 .4970
19403 496 9 0 0 9194817 9195833 1016 .4970
19403 502 9 0 0 9194817 9195846 1029 .4965
19403 508 9 0 0 9194817 9195858 1041 .4966
19403 513 9 0 0 9194817 9195869 1052 .4961
19403 519 9 0 0 9194817 9195881 1064 .4962
19403 525 9 0 0 9194817 9195893 1076 .4962
19403 531 10 0 0 9194817 9195905 1088 .4972
19403 537 10 0 0 9194817 9195917 1100 .4972
