28201 1 0 0 0 0 0
28201 7 0 0 0 7 1.0000
28201 13 0 0 0 13 1.0000
28201 19 0 0 0 20 .9500
28201 26 0 0 0 26 1.0000
28201 32 0 0 0 32 1.0000
28201 38 0 0 0 39 .9743
28201 45 0 0 0 45 1.0000
28201 51 0 0 0 52 .9807
28201 58 0 0 0 58 1.0000
28201 64 0 0 0 65 .9846
28201 71 0 0 0 71 1.0000
28201 77 0 0 0 77 1.0000
28201 84 0 0 0 84 1.0000
28201 90 0 0 0 90 1.0000
28201 97 0 0 0 97 1.0000
28201 103 0 0 0 104 .9903
28201 110 0 0 0 110 1.0000
28201 116 0 0 0 117 .9914
28201 123 0 0 0 123 1.0000
28201 129 0 0 0 129 1.0000
28201 135 0 0 0 136 .9926
28201 142 0 0 0 142 1.0000
28201 148 0 0 0 149 .9932
28201 155 0 0 0 155 1.0000
28201 161 0 0 0 161 1.0000
28201 167 0 0 0 168 .9940
28201 174 0 0 0 175 .9942
28201 180 0 0 0 181 .9944
28201 187 0 0 0 187 1.0000
28201 193 0 0 0 194 .9948
28201 200 0 0 0 200 1.0000
28201 206 0 0 0 207 .9951
