30120 0 0 0 0 9470514 9470514 0 0
30120 6 0 0 0 9470514 9470526 12 0.5000
30120 11 0 0 0 9470514 9470538 24 0.4583
30120 17 0 0 0 9470514 9470550 36 0.4722
30120 23 0 0 0 9470514 9470561 47 0.4893
30120 29 0 0 0 9470514 9470573 59 0.4915
30120 35 0 0 0 9470514 9470585 71 0.4929
30120 40 0 0 0 9470514 9470597 83 0.4819
30120 46 0 0 0 9470514 9470609 95 0.4842
30120 51 1 0 0 9470514 9470620 106 0.4905
30120 56 2 0 0 9470514 9470632 118 0.4915
30120 62 2 0 0 9470514 9470644 130 0.4923
30120 68 2 0 0 9470514 9470656 142 0.4929
30120 74 2 0 0 9470514 9470668 154 0.4935
30120 80 2 0 0 9470514 9470679 165 0.4969
30120 85 2 0 0 9470514 9470691 177 0.4915
30120 91 2 0 0 9470514 9470703 189 0.4920
30120 96 3 0 0 9470514 9470715 201 0.4925
30120 102 3 0 0 9470514 9470726 212 0.4952
30120 108 3 0 0 9470514 9470738 224 0.4955
30120 114 3 0 0 9470514 9470750 236 0.4957
30120 119 4 0 0 9470514 9470762 248 0.4959
30120 124 4 0 0 9470514 9470774 260 0.4923
30120 130 4 0 0 9470514 9470786 272 0.4926
30120 136 4 0 0 9470514 9470797 283 0.4946
30120 142 4 0 0 9470514 9470809 295 0.4949
30120 148 4 0 0 9470514 9470821 307 0.4951
30120 154 4 0 0 9470514 9470833 319 0.4952
30120 160 4 0 0 9470514 9470845 331 0.4954
30120 165 5 0 0 9470514 9470856 342 0.4970
30120 171 5 0 0 9470514 9470868 354 0.4971
30120 177 5 0 0 9470514 9470880 366 0.4972
30120 183 5 0 0 9470514 9470892 378 0.4973
30120 188 5 0 0 9470514 9470904 390 0.4948
30120 193 5 0 0 9470514 9470915 401 0.4937
30120 199 5 0 0 9470514 9470927 413 0.4939
30120 205 5 0 0 9470514 9470939 425 0.4941
30120 211 5 0 0 9470514 9470951 437 0.4942
30120 217 6 0 0 9470514 9470963 449 0.4966
30120 223 6 0 0 9470514 9470974 460 0.4978
30120 228 6 0 0 9470514 9470986 472 0.4957
30120 234 6 0 0 9470514 9470998 484 0.4958
30120 240 6 0 0 9470514 9471010 496 0.4959
30120 246 6 0 0 9470514 9471022 508 0.4960
30120 252 6 0 0 9470514 9471034 520 0.4961
30120 258 6 0 0 9470514 9471046 532 0.4962
30120 264 6 0 0 9470514 9471058 544 0.4963
30120 269 7 0 0 9470514 9471070 556 0.4964
30120 275 7 0 0 9470514 9471081 567 0.4973
30120 281 7 0 0 9470514 9471093 579 0.4974
30120 287 7 0 0 9470514 9471105 591 0.4974
30120 292 7 0 0 9470514 9471117 603 0.4958
30120 298 7 0 0 9470514 9471129 615 0.4959
30120 304 7 0 0 9470514 9471140 626 0.4968
30120 310 7 0 0 9470514 9471152 638 0.4968
30120 316 7 0 0 9470514 9471164 650 0.4969
30120 322 7 0 0 9470514 9471176 662 0.4969
30120 327 7 0 0 9470514 9471188 674 0.4955
30120 333 7 0 0 9470514 9471199 685 0.4963
30120 339 7 0 0 9470514 9471211 697 0.4964
30120 344 8 0 0 9470514 9471223 709 0.4964
30120 350 9 0 0 9470514 9471235 721 0.4979
30120 356 9 0 0 9470514 9471247 733 0.4979
30120 361 9 0 0 9470514 9471259 745 0.4966
30120 367 9 0 0 9470514 9471270 756 0.4973
30120 373 9 0 0 9470514 9471282 768 0.4973
30120 379 9 0 0 9470514 9471294 780 0.4974
30120 385 9 0 0 9470514 9471306 792 0.4974
30120 390 9 0 0 9470514 9471318 804 0.4962
30120 396 9 0 0 9470514 9471329 815 0.4969
30120 402 9 0 0 9470514 9471341 827 0.4969
30120 408 9 0 0 9470514 9471353 839 0.4970
30120 413 9 0 0 9470514 9471365 851 0.4958
30120 419 10 0 0 9470514 9471377 863 0.4971
30120 425 10 0 0 9470514 9471388 874 0.4977
30120 430 10 0 0 9470514 9471400 886 0.4966
30120 436 10 0 0 9470514 9471412 898 0.4966
30120 442 10 0 0 9470514 9471424 910 0.4967
30120 447 10 0 0 9470514 9471436 922 0.4956
30120 453 10 0 0 9470514 9471447 933 0.4962
30120 459 10 0 0 9470514 9471459 945 0.4962
30120 465 10 0 0 9470514 9471471 957 0.4963
30120 471 10 0 0 9470514 9471483 969 0.4963
30120 477 10 0 0 9470514 9471494 980 0.4969
30120 482 11 0 0 9470514 9471506 992 0.4969
30120 487 12 0 0 9470514 9471518 1004 0.4970
30120 493 12 0 0 9470514 9471530 1016 0.4970
30120 498 13 0 0 9470514 9471542 1028 0.4970
30120 504 13 0 0 9470514 9471554 1040 0.4971
30120 510 13 0 0 9470514 9471566 1052 0.4971
30120 516 13 0 0 9470514 9471578 1064 0.4971
30120 522 13 0 0 9470514 9471590 1076 0.4972
30120 527 13 0 0 9470514 9471601 1087 0.4967
30120 533 14 0 0 9470514 9471613 1099 0.4977
30120 539 14 0 0 9470514 9471625 1111 0.4977
