32555 0 0 0 0 0 0
32555 5 0 0 0 11 0.4545
32555 11 0 0 0 23 0.4782
32555 17 0 0 0 35 0.4857
32555 23 0 0 0 47 0.4893
32555 29 0 0 0 58 0.5000
32555 36 0 0 0 73 0.4931
32555 41 0 0 0 84 0.4880
32555 47 0 0 0 96 0.4895
32555 53 0 0 0 108 0.4907
32555 59 0 0 0 120 0.4916
32555 65 0 0 0 132 0.4924
32555 71 0 0 0 144 0.4930
32555 77 0 0 0 155 0.4967
32555 82 1 0 0 167 0.4970
32555 88 1 0 0 179 0.4972
32555 94 1 0 0 191 0.4973
32555 99 1 0 0 203 0.4926
32555 105 1 0 0 215 0.4930
32555 111 1 0 0 226 0.4955
32555 117 1 0 0 238 0.4957
32555 123 1 0 0 250 0.4960
32555 128 2 0 0 262 0.4961
32555 134 2 0 0 274 0.4963
32555 139 2 0 0 285 0.4947
32555 145 2 0 0 297 0.4949
32555 151 2 0 0 309 0.4951
32555 157 2 0 0 321 0.4953
32555 163 2 0 0 332 0.4969
32555 168 2 0 0 344 0.4941
32555 174 3 0 0 356 0.4971
32555 180 3 0 0 368 0.4972
32555 186 3 0 0 380 0.4973
32555 192 3 0 0 392 0.4974
32555 197 3 0 0 403 0.4962
32555 203 3 0 0 415 0.4963
32555 209 3 0 0 427 0.4964
32555 215 3 0 0 439 0.4965
32555 220 3 0 0 451 0.4944
32555 226 3 0 0 462 0.4956
32555 232 3 0 0 474 0.4957
32555 238 4 0 0 486 0.4979
32555 244 4 0 0 498 0.4979
32555 249 4 0 0 510 0.4960
32555 255 4 0 0 521 0.4971
32555 261 4 0 0 533 0.4971
32555 267 4 0 0 545 0.4972
32555 272 5 0 0 557 0.4973
32555 278 5 0 0 569 0.4973
32555 284 5 0 0 581 0.4974
32555 290 5 0 0 593 0.4974
32555 296 5 0 0 605 0.4975
32555 302 5 0 0 617 0.4975
32555 307 5 0 0 629 0.4960
32555 313 5 0 0 640 0.4968
32555 319 5 0 0 652 0.4969
32555 325 5 0 0 664 0.4969
32555 331 5 0 0 676 0.4970
32555 337 5 0 0 688 0.4970
32555 343 5 0 0 700 0.4971
32555 348 6 0 0 712 0.4971
32555 354 6 0 0 723 0.4979
32555 360 6 0 0 735 0.4979
32555 365 6 0 0 747 0.4966
32555 371 6 0 0 759 0.4967
32555 377 6 0 0 770 0.4974
32555 383 6 0 0 782 0.4974
32555 389 6 0 0 794 0.4974
32555 394 7 0 0 806 0.4975
32555 400 7 0 0 818 0.4975
32555 406 7 0 0 829 0.4981
32555 412 7 0 0 841 0.4982
32555 418 7 0 0 853 0.4982
32555 423 7 0 0 865 0.4971
32555 429 7 0 0 877 0.4971
32555 435 7 0 0 888 0.4977
32555 441 7 0 0 900 0.4977
32555 446 7 0 0 912 0.4967
32555 452 7 0 0 924 0.4967
32555 458 7 0 0 935 0.4973
32555 464 7 0 0 947 0.4973
32555 469 7 0 0 959 0.4963
32555 475 7 0 0 971 0.4963
32555 481 8 0 0 983 0.4974
32555 487 8 0 0 995 0.4974
32555 492 8 0 0 1007 0.4965
32555 498 8 0 0 1018 0.4970
32555 503 9 0 0 1030 0.4970
32555 508 9 0 0 1042 0.4961
32555 513 9 0 0 1054 0.4952
32555 519 9 0 0 1065 0.4957
32555 525 9 0 0 1077 0.4958
32555 531 9 0 0 1091 0.4949
32555 537 9 0 0 1103 0.4950
32555 543 9 0 0 1114 0.4955
